1 38697.29127415028
2 38697.29127415028
3 38697.29127415028
4 38697.29127415028
5 38697.29127415028
6 38697.29127415028
7 38697.29127415028
8 38697.29127415028
9 38697.29127415028
10 38697.29127415028
11 38697.29127415028
12 38697.29127415028
13 38697.29127415028
14 38697.29127415028
15 38697.29127415028
16 38697.29127415028
17 38697.29127415028
18 38697.29127415028
19 38697.29127415028
20 38697.29127415028
21 38697.29127415028
22 38697.29127415028
23 38697.29127415028
24 38697.29127415028
25 38697.29127415028
26 38697.29127415028
27 38697.29127415028
28 38697.29127415028
29 38697.29127415028
30 38697.29127415028
31 38697.29127415028
32 38697.29127415028
33 38697.29127415028
34 38697.29127415028
35 38697.29127415028
36 38697.29127415028
37 38697.29127415028
38 38697.29127415028
39 38697.29127415028
40 38697.29127415028
41 38697.29127415028
42 38697.29127415028
43 38697.29127415028
44 38697.29127415028
45 38697.29127415028
46 38697.29127415028
47 38697.29127415028
48 38697.29127415028
49 38697.29127415028
50 38697.29127415028
51 38697.29127415028
52 38697.29127415028
53 38697.29127415028
54 38697.29127415028
55 38697.29127415028
56 38697.29127415028
57 38697.29127415028
58 38697.29127415028
59 38697.29127415028
60 38697.29127415028
61 38697.29127415028
62 38697.29127415028
63 38697.29127415028
64 38697.29127415028
65 38697.29127415028
66 38697.29127415028
67 38697.29127415028
68 38697.29127415028
69 38697.29127415028
70 38697.29127415028
71 38697.29127415028
72 38697.29127415028
73 38697.29127415028
74 38697.29127415028
75 38697.29127415028
76 38697.29127415028
77 38697.29127415028
78 38697.29127415028
79 38697.29127415028
80 38697.29127415028
81 38697.29127415028
82 38697.29127415028
83 38697.29127415028
84 38697.29127415028
85 38697.29127415028
86 38697.29127415028
87 38697.29127415028
88 38697.29127415028
89 38697.29127415028
90 38697.29127415028
91 38697.29127415028
92 38697.29127415028
93 38697.29127415028
94 38697.29127415028
95 38697.29127415028
96 38697.29127415028
97 38697.29127415028
98 38697.29127415028
99 38697.29127415028
100 38697.29127415028
101 38697.29127415028
102 38697.29127415028
103 38697.29127415028
104 38697.29127415028
105 38697.29127415028
106 38697.29127415028
107 38697.29127415028
108 38697.29127415028
109 38697.29127415028
110 38697.29127415028
111 38697.29127415028
112 38697.29127415028
113 38697.29127415028
114 38697.29127415028
115 38697.29127415028
116 38697.29127415028
117 38697.29127415028
118 38697.29127415028
119 38697.29127415028
120 38697.29127415028
121 38697.29127415028
122 38697.29127415028
123 38697.29127415028
124 38697.29127415028
125 38697.29127415028
126 38697.29127415028
127 38697.29127415028
128 38697.29127415028
129 38697.29127415028
130 38697.29127415028
131 38697.29127415028
132 38697.29127415028
133 38697.29127415028
134 38697.29127415028
135 38697.29127415028
136 38697.29127415028
137 38697.29127415028
138 38697.29127415028
139 38697.29127415028
140 38697.29127415028
141 38697.29127415028
142 38697.29127415028
143 38697.29127415028
144 38697.29127415028
145 38697.29127415028
146 38697.29127415028
147 38697.29127415028
148 38697.29127415028
149 38697.29127415028
150 38697.29127415028
151 38697.29127415028
152 38697.29127415028
153 38697.29127415028
154 38697.29127415028
155 38697.29127415028
156 38697.29127415028
157 38697.29127415028
158 38697.29127415028
159 38697.29127415028
160 38697.29127415028
161 38697.29127415028
162 38697.29127415028
163 38697.29127415028
164 38697.29127415028
165 38697.29127415028
166 38697.29127415028
167 38697.29127415028
168 38697.29127415028
169 38697.29127415028
170 38697.29127415028
171 38697.29127415028
172 38697.29127415028
173 38697.29127415028
174 38697.29127415028
175 38697.29127415028
176 38697.29127415028
177 38697.29127415028
178 38697.29127415028
179 38697.29127415028
180 38697.29127415028
181 38697.29127415028
182 38697.29127415028
183 38697.29127415028
184 38697.29127415028
185 38697.29127415028
186 38697.29127415028
187 38697.29127415028
188 38697.29127415028
189 38697.29127415028
190 38697.29127415028
191 38697.29127415028
192 38697.29127415028
193 38697.29127415028
194 38697.29127415028
195 38697.29127415028
196 38697.29127415028
197 38697.29127415028
198 38697.29127415028
199 38697.29127415028
200 38697.29127415028
201 38697.29127415028
202 38697.29127415028
203 38697.29127415028
204 38697.29127415028
205 38697.29127415028
206 38697.29127415028
207 38697.29127415028
208 38697.29127415028
209 38697.29127415028
210 38697.29127415028
211 38697.29127415028
212 38697.29127415028
213 38697.29127415028
214 38697.29127415028
215 38697.29127415028
216 38697.29127415028
217 38697.29127415028
218 38697.29127415028
219 38697.29127415028
220 38697.29127415028
221 38697.29127415028
222 38697.29127415028
223 38697.29127415028
224 38697.29127415028
225 38697.29127415028
226 38697.29127415028
227 38697.29127415028
228 38697.29127415028
229 38697.29127415028
230 38697.29127415028
231 38697.29127415028
232 38697.29127415028
233 38697.29127415028
