0.0 NaN
0.001 NaN
0.002 NaN
0.003 NaN
0.004 NaN
0.005 NaN
0.006 NaN
0.007 NaN
0.008 NaN
0.009000000000000001 NaN
0.01 NaN
0.011 NaN
0.012 NaN
0.013000000000000001 NaN
0.014 NaN
0.015 NaN
0.016 NaN
0.017 NaN
0.018000000000000002 NaN
0.019 NaN
0.02 NaN
0.021 NaN
0.022 NaN
0.023 NaN
0.024 NaN
0.025 NaN
0.026000000000000002 NaN
0.027 NaN
0.028 NaN
0.029 NaN
0.03 NaN
0.031 NaN
0.032 NaN
0.033 NaN
0.034 NaN
0.035 NaN
0.036000000000000004 NaN
0.037 NaN
0.038 NaN
0.039 NaN
0.04 NaN
0.041 NaN
0.042 NaN
0.043000000000000003 NaN
0.044 NaN
0.045 NaN
0.046 NaN
0.047 NaN
0.048 NaN
0.049 NaN
